0 106
1 112
2 112
3 116
4 119
5 122
6 122
7 131
8 135
9 140
10 139
11 145
12 156
13 160
14 178
15 167
16 188
17 181
18 177
19 200
20 196
21 204
22 213
23 213
24 228
25 239
26 264
27 279
28 295
29 339
30 370
31 426
32 479
33 527
34 568
35 679
36 764
37 812
38 902
39 970
40 1022
41 1022
42 1022
43 1022
44 1022
45 1022
46 1022
47 1022
48 1022
49 991
50 974
51 942
52 891
53 882
54 890
55 853
56 891
57 894
58 997
59 1022
60 1022
61 1022
62 1022
63 1022
64 1022
65 1022
66 1022
67 1000
68 949
69 886
70 801
71 804
72 693
73 641
74 564
75 546
76 504
77 458
78 394
79 357
80 309
81 317
82 275
83 255
84 250
85 236
86 225
87 217
88 217
89 210
90 208
91 209
92 208
93 209
94 208
95 208
96 208
97 208
98 208
99 208
100 208
101 208
102 208
103 208
104 208
105 208
106 208
107 208
108 208
109 208
110 208
111 208
112 208
113 208
114 208
115 208
116 208
117 208
118 208
119 208
120 208
121 207
122 208
123 202
124 203
125 203
126 203
127 195
128 202
129 187
130 186
131 186
132 183
133 179
134 177
135 171
136 157
137 157
138 151
139 147
140 140
141 133
142 129
143 127
144 128
145 111
146 111
147 109
148 110
149 114
150 110
151 104
152 105
153 107
154 104
155 104
156 106
157 104
158 104
159 104
160 104
161 104
162 104
163 104
164 104
165 104
166 104
167 104
168 104
169 104
170 104
171 104
172 104
173 104
174 104
175 104
176 104
177 104
178 104
179 104
180 104
181 104
182 104
183 104
184 104
185 104
186 104
187 104
188 104
189 104
190 104
191 104
192 104
193 104
194 104
195 104
196 104
197 104
198 104
199 104
200 104
201 104
202 104
203 104
204 104
205 104
206 104
207 104
208 104
209 104
210 104
211 104
212 104
213 104
214 104
215 104
216 104
217 104
218 104
219 104
220 104
221 104
222 104
223 104
224 104
225 104
226 104
227 104
228 104
229 104
230 104
231 104
232 104
233 104
234 104
235 104
236 104
237 104
238 104
239 104
240 104
241 104
242 104
243 104
244 104
245 104
246 104
247 104
248 104
249 104
250 104
251 104
252 104
253 104
254 104
255 104
